         1          1          0
         1          1          4
         1          1          5
         1          1          6
         1          1          7
         1          1          8
         1          1          9
         2          2          0
         2          2          1
         2          2          3
         2          2          4
         2          2          5
         2          2          6
         2          2          7
         2          2          8
         2          2          9
         3          3          2
         3          3          3
         3          3          5
         3          3          6
         3          3          7
         3          3          9
         4          4          0
         4          4          1
         4          4          3
         4          4          4
         4          4          5
         4          4          6
         4          4          7
         4          4          8
         4          4          9
         5          5          3
         5          5          4
         5          5          5
         5          5          6
         5          5          7
         5          5          8
         5          5          9
         6          6          0
         6          6          4
         6          6          5
         6          6          6
         6          6          7
         6          6          8
         6          6          9
         7          7          0
         7          7          1
         7          7          3
         7          7          4
         7          7          5
         7          7          6
         7          7          8
         7          7          9
         8          8          3
         8          8          4
         8          8          5
         8          8          6
         8          8          7
         8          8          8
         8          8          9
         9          9          0
         9          9          3
         9          9          5
         9          9          6
         9          9          7
         9          9          8
         9          9          9
        10         10          0
        10         10          1
        10         10          3
        10         10          4
        10         10          5
        10         10          6
        10         10          7
        10         10          8
        10         10          9
        11         11          3
        11         11          5
        11         11          7
        11         11          8
        11         11          9
        12         12          0
        12         12          3
        12         12          4
        12         12          5
        12         12          6
        12         12          7
        12         12          8
        12         12          9
        13         13          0
        13         13          1
        13         13          3
        13         13          4
        13         13          5
        13         13          6
        13         13          7
        13         13          8
        13         13          9
        14         14          0
        14         14          1
        14         14          2
        14         14          3
        14         14          4
        14         14          5
        14         14          6
        14         14          7
        14         14          8
        14         14          9
        15         15          0
        15         15          3
        15         15          4
        15         15          5
        15         15          6
        15         15          8
        15         15          9
        16         16          0
        16         16          1
        16         16          3
        16         16          4
        16         16          6
        16         16          7
        16         16          8
        17         17          0
        17         17          3
        17         17          4
        17         17          7
        17         17          9
        18         18          0
        18         18          3
        18         18          4
        18         18          5
        18         18          6
        18         18          7
        18         18          8
        18         18          9
        19         19          0
        19         19          5
        19         19          7
        19         19          8
        19         19          9
        20         20          0
        20         20          3
        20         20          5
        20         20          9
        21         21          0
        21         21          3
        21         21          4
        21         21          5
        21         21          6
        21         21          7
        21         21          8
        21         21          9
        22         22          0
        22         22          1
        22         22          3
        22         22          5
        22         22          6
        22         22          7
        22         22          8
        22         22          9
        23         23          0
        23         23          2
        23         23          3
        23         23          4
        23         23          5
        23         23          6
        23         23          7
        23         23          8
        23         23          9
        24         24          0
        24         24          3
        24         24          5
        24         24          6
        24         24          7
        24         24          8
        24         24          9
        25         25          0
        25         25          2
        25         25          3
        25         25          4
        25         25          5
        25         25          6
        25         25          8
        25         25          9
        26         26          0
        26         26          1
        26         26          3
        26         26          4
        26         26          6
        26         26          7
        26         26          8
        26         26          9
        27         27          3
        27         27          5
        27         27          8
        28         28          0
        28         28          1
        28         28          3
        28         28          4
        28         28          5
        28         28          6
        28         28          7
        28         28          8
        28         28          9
        29         29          0
        29         29          3
        29         29          4
        29         29          5
        29         29          7
        29         29          8
        29         29          9
        30         30          0
        30         30          4
        30         30          7
        30         30          8
        31         31          0
        31         31          3
        31         31          4
        31         31          5
        31         31          6
        31         31          7
        31         31          8
        31         31          9
        32         32          3
        32         32          4
        32         32          5
        32         32          6
        32         32          8
        32         32          9
        33         33          3
        33         33          4
        33         33          8
        33         33          9
        34         34          0
        34         34          3
        34         34          4
        34         34          5
        34         34          6
        34         34          8
        35         35          3
        35         35          4
        35         35          7
        35         35          8
        35         35          9
        36         36          1
        36         36          3
        36         36          4
        36         36          6
        36         36          7
        36         36          8
        36         36          9
        37         37          3
        37         37          4
        37         37          6
        37         37          7
        37         37          8
        37         37          9
        38         38          0
        38         38          1
        38         38          3
        38         38          7
        38         38          8
        39         39          0
        39         39          3
        39         39          5
        39         39          6
        39         39          8
        39         39          9
        40         40          0
        40         40          3
        40         40          5
        40         40          8
        40         40          9
        41         41          3
        41         41          4
        41         41          5
        41         41          6
        41         41          7
        41         41          8
        41         41          9
        42         42          0
        42         42          3
        42         42          4
        42         42          5
        42         42          7
        42         42          8
        42         42          9
        43         43          0
        43         43          3
        43         43          4
        43         43          5
        43         43          8
        43         43          9
        44         44          0
        44         44          3
        44         44          4
        44         44          6
        44         44          7
        44         44          8
        44         44          9
        45         45          0
        45         45          3
        45         45          4
        45         45          5
        45         45          6
        45         45          7
        45         45          8
        45         45          9
        46         46          0
        46         46          3
        46         46          5
        46         46          8
        47         47          0
        47         47          3
        47         47          4
        47         47          5
        47         47          6
        47         47          7
        47         47          8
        47         47          9
        48         48          3
        48         48          4
        48         48          5
        48         48          6
        48         48          7
        48         48          9
        49         49          0
        49         49          1
        49         49          3
        49         49          4
        49         49          5
        49         49          6
        49         49          7
        49         49          8
        49         49          9
        50         50          3
        50         50          6
        50         50          7
        50         50          8
        51         51          0
        51         51          3
        51         51          5
        51         51          7
        51         51          8
        51         51          9
        52         52          3
        52         52          4
        52         52          5
        52         52          7
        52         52          8
        52         52          9
        53         53          0
        53         53          1
        53         53          3
        53         53          4
        53         53          5
        53         53          6
        53         53          7
        53         53          8
        53         53          9
        54         54          0
        54         54          3
        54         54          4
        54         54          5
        54         54          6
        54         54          7
        54         54          8
        55         55          0
        55         55          3
        55         55          5
        55         55          6
        55         55          7
        55         55          8
        55         55          9
        56         56          0
        56         56          3
        56         56          4
        56         56          5
        56         56          6
        56         56          7
        56         56          8
        56         56          9
        57         57          0
        57         57          2
        57         57          3
        57         57          5
        57         57          6
        57         57          7
        57         57          8
        57         57          9
        58         58          0
        58         58          1
        58         58          2
        58         58          3
        58         58          4
        58         58          5
        58         58          6
        58         58          7
        58         58          8
        58         58          9
        59         59          0
        59         59          3
        59         59          4
        59         59          5
        59         59          6
        59         59          7
        59         59          8
        59         59          9
        60         60          3
        60         60          4
        60         60          5
        60         60          6
        60         60          7
        60         60          8
        60         60          9
        61         61          0
        61         61          3
        61         61          4
        61         61          6
        61         61          7
        61         61          8
        61         61          9
        62         62          0
        62         62          3
        62         62          4
        62         62          5
        62         62          8
        62         62          9
        63         63          3
        63         63          7
        63         63          8
        63         63          9
        64         64          0
        64         64          3
        64         64          4
        64         64          6
        64         64          7
        64         64          8
        64         64          9
        65         65          0
        65         65          3
        65         65          5
        65         65          6
        65         65          7
        65         65          8
        65         65          9
        66         66          0
        66         66          1
        66         66          3
        66         66          4
        66         66          5
        66         66          6
        66         66          7
        66         66          8
        66         66          9
        67         67          0
        67         67          1
        67         67          2
        67         67          3
        67         67          4
        67         67          5
        67         67          6
        67         67          7
        67         67          8
        67         67          9
        68         68          0
        68         68          1
        68         68          3
        68         68          8
        68         68          9
        69         69          0
        69         69          3
        69         69          4
        69         69          5
        69         69          6
        69         69          7
        69         69          8
        69         69          9
        70         70          0
        70         70          4
        70         70          6
        70         70          8
        70         70          9
        71         71          0
        71         71          3
        71         71          4
        71         71          5
        71         71          7
        71         71          8
        71         71          9
        72         72          0
        72         72          2
        72         72          3
        72         72          4
        72         72          5
        72         72          6
        72         72          7
        72         72          8
        72         72          9
        73         73          0
        73         73          6
        73         73          8
        74         74          0
        74         74          3
        74         74          4
        74         74          5
        74         74          6
        74         74          7
        74         74          8
        74         74          9
        75         75          0
        75         75          3
        75         75          5
        75         75          6
        75         75          7
        75         75          8
        75         75          9
        76         76          0
        76         76          3
        76         76          4
        76         76          5
        76         76          7
        76         76          8
        76         76          9
        77         77          0
        77         77          2
        77         77          3
        77         77          4
        77         77          5
        77         77          7
        77         77          8
        77         77          9
        78         78          0
        78         78          1
        78         78          3
        78         78          4
        78         78          5
        78         78          6
        78         78          7
        78         78          8
        78         78          9
        79         79          0
        79         79          2
        79         79          3
        79         79          4
        79         79          5
        79         79          6
        79         79          8
        79         79          9
        80         80          3
        80         80          5
        80         80          9
        81         81          0
        81         81          3
        81         81          4
        81         81          5
        81         81          6
        81         81          7
        81         81          8
        81         81          9
        82         82          0
        82         82          3
        82         82          5
        82         82          6
        82         82          8
        82         82          9
        83         83          0
        83         83          3
        83         83          5
        83         83          6
        83         83          7
        83         83          8
        83         83          9
        84         84          0
        84         84          1
        84         84          3
        84         84          5
        84         84          8
        84         84          9
        85         85          1
        85         85          3
        85         85          4
        85         85          5
        85         85          6
        85         85          7
        85         85          8
        85         85          9
        86         86          3
        86         86          4
        86         86          5
        86         86          6
        86         86          7
        86         86          8
        86         86          9
        87         87          0
        87         87          1
        87         87          3
        87         87          4
        87         87          5
        87         87          6
        87         87          7
        87         87          8
        87         87          9
        88         88          0
        88         88          1
        88         88          3
        88         88          4
        88         88          5
        88         88          6
        88         88          7
        88         88          8
        88         88          9
        89         89          0
        89         89          1
        89         89          2
        89         89          3
        89         89          4
        89         89          5
        89         89          6
        89         89          7
        89         89          8
        89         89          9
        90         90          0
        90         90          1
        90         90          2
        90         90          3
        90         90          4
        90         90          5
        90         90          6
        90         90          7
        90         90          8
        90         90          9
        91         91          3
        91         91          4
        91         91          5
        91         91          7
        91         91          8
        91         91          9
        92         92          3
        92         92          4
        92         92          5
        92         92          6
        92         92          7
        92         92          8
        92         92          9
        93         93          0
        93         93          3
        93         93          4
        93         93          5
        93         93          6
        93         93          7
        93         93          8
        93         93          9
        94         94          0
        94         94          1
        94         94          3
        94         94          4
        94         94          5
        94         94          6
        94         94          7
        94         94          8
        94         94          9
        95         95          3
        95         95          4
        95         95          5
        95         95          7
        95         95          8
        95         95          9
        96         96          0
        96         96          2
        96         96          3
        96         96          4
        96         96          5
        96         96          6
        96         96          7
        96         96          8
        96         96          9
        97         97          0
        97         97          1
        97         97          3
        97         97          7
        97         97          8
        97         97          9
